"estimate: 0.111321048864762"
"se: 0.0148822602103448"
"truth: 0.0892161976943265"
