"estimate: 1.14991692952927"
"se: 0.836180753436423"
"truth: 0.0870422539999652"
