"estimate: 0.111321096189415"
"se: 0.014882256575838"
"truth: 0.0892161976943265"
