"estimate: 0.938517318128675"
"se: 0.800258702533342"
"truth: 0.0640589011204243"
